0	1
1	2
2	2
3	2
4	2
5	1
6	2
7	2
8	2
9	1
10	2
11	2
12	2
13	2
14	1
15	1
16	0
17	0
18	0
19	0
20	0
21	2
22	0
23	0
24	0
25	2
26	0
27	2
28	0
29	2
30	2
31	2
32	2
33	0
34	0
35	2
36	0
37	0
38	1
39	2
40	0
41	0
42	0
43	0
44	0
45	2
46	2
47	2
48	0
49	2
50	0
51	1
52	2
53	2
54	1
55	1
56	2
57	2
58	1
59	2
60	2
61	2
62	2
63	2
64	2
65	1
66	2
67	1
68	0
69	1
70	0
71	1
72	1
73	2
74	2
75	1
76	1
77	1
78	1
79	0
80	0
81	1
82	2
83	1
84	0
85	2
86	2
87	0
88	1
89	2
90	0
91	1
92	1
93	0
94	2
95	2
96	0
97	0
98	0
99	2
100	2
101	2
102	2
103	2
104	0
105	0
106	0
107	2
108	0
109	1
110	0
111	1
112	0
113	2
114	0
115	0
116	1
117	0
118	2
119	2
120	2
121	1
122	1
123	2
124	2
125	2
126	1
127	0
128	1
129	0
130	1
131	2
132	0
133	1
134	0
135	1
136	1
137	2
138	1
139	2
140	2
141	2
142	2
143	2
144	0
145	1
146	0
147	0
148	2
149	0
150	1
151	2
152	0
153	2
154	2
155	0
156	0
157	2
158	0
159	0
160	2
161	1
162	2
163	0
164	1
165	0
166	2
167	0
168	1
169	0
170	0
171	2
172	0
173	1
174	0
175	1
176	2
177	1
178	0
179	2
180	2
181	2
182	0
183	1
184	0
185	2
186	0
187	1
188	2
189	0
190	2
191	0
192	0
193	1
194	1
195	0
196	2
197	0
198	2
199	0
200	1
201	1
202	1
203	2
204	0
205	0
206	0
207	0
208	2
209	2
210	0
211	1
212	0
213	0
214	0
215	2
216	2
217	0
218	1
219	2
220	0
221	0
222	1
223	0
224	2
225	2
226	2
227	2
228	0
229	0
230	2
231	2
232	2
233	0
234	2
235	2
236	1
237	0
238	2
239	0
240	0
241	0
242	0
243	0
244	1
245	2
246	0
247	1
248	2
249	1
250	0
251	2
252	2
253	1
254	0
255	2
256	0
257	1
258	1
259	2
260	0
261	2
262	0
263	0
264	0
265	2
266	0
267	1
268	0
269	1
270	0
271	1
272	2
273	0
274	2
275	2
276	2
277	1
278	2
279	0
280	0
281	0
282	0
283	0
284	1
285	0
286	2
287	2
288	0
289	0
290	0
291	0
292	0
293	2
294	2
295	2
296	2
297	0
298	2
299	0
300	2
301	2
302	2
303	1
304	2
305	2
306	0
307	0
308	2
309	0
310	2
311	2
312	0
313	0
314	2
315	0
316	1
317	1
318	0
319	0
320	2
321	1
322	1
323	1
324	2
325	2
326	0
327	0
328	2
329	0
330	2
331	0
332	1
333	0
334	2
335	0
336	2
337	1
338	2
339	2
340	2
341	0
342	2
343	2
344	0
345	0
346	0
347	2
348	1
349	0
350	2
351	0
352	1
353	2
354	2
355	2
356	2
357	2
358	0
359	0
360	1
361	0
362	0
363	0
364	2
365	1
366	2
367	2
368	0
369	2
370	0
371	2
372	2
373	2
374	0
375	0
376	2
377	1
378	1
379	0
380	2
381	2
382	1
383	2
384	2
385	0
386	2
387	0
388	2
389	0
390	2
391	1
392	2
393	0
394	2
395	2
396	2
397	1
398	2
399	1
400	0
401	2
402	2
403	2
404	2
405	0
406	0
407	0
408	0
409	0
410	2
411	2
412	0
413	2
414	0
415	1
416	1
417	0
418	0
419	1
420	2
421	2
422	2
423	1
424	2
425	1
426	2
427	0
428	0
429	0
430	2
431	0
432	2
433	2
434	2
435	2
436	1
437	0
438	2
439	0
440	0
441	1
442	2
443	2
444	0
445	1
446	2
447	0
448	2
449	2
450	1
451	0
452	2
453	2
454	1
455	2
456	2
457	0
458	2
459	2
460	1
461	2
462	1
463	2
464	0
465	0
466	0
467	0
468	1
469	0
470	2
471	0
472	2
473	2
474	2
475	0
476	2
477	1
478	1
479	2
480	1
481	0
482	0
483	2
484	2
485	0
486	1
487	2
488	1
489	0
490	2
491	0
492	0
493	2
494	0
495	0
496	0
497	1
498	1
499	1
500	2
501	2
502	2
503	0
504	1
505	0
506	0
507	0
508	0
509	0
510	0
511	0
512	2
513	1
514	2
515	2
516	2
517	0
518	1
519	0
520	0
521	2
522	2
523	1
524	2
525	2
526	2
527	0
528	1
529	0
530	0
531	2
532	2
533	2
534	0
535	2
536	0
537	2
538	2
539	1
540	2
541	1
542	0
543	2
544	1
545	2
546	1
547	1
548	0
549	1
550	2
551	2
552	0
553	2
554	2
555	0
556	2
557	0
558	0
559	0
560	1
561	0
562	0
563	1
564	1
565	2
566	2
567	2
568	0
569	0
570	2
571	2
572	2
573	2
574	0
575	2
576	2
577	2
578	2
579	0
580	1
581	0
582	2
583	2
584	2
585	2
586	1
587	2
588	2
589	0
590	0
591	0
592	2
593	0
594	0
595	0
596	0
597	1
598	1
599	0
600	0
601	2
602	2
603	2
604	2
605	2
606	2
607	0
608	2
609	0
610	2
611	0
612	1
613	2
614	0
615	0
616	2
617	2
618	0
619	0
620	2
621	1
622	2
623	0
624	0
625	0
626	1
627	2
628	0
629	0
630	2
631	2
632	2
633	0
634	0
635	2
636	2
637	2
638	0
639	2
640	2
641	2
642	2
643	2
644	2
645	2
646	0
647	0
648	2
649	0
650	0
651	0
652	2
653	2
654	0
655	2
656	2
657	0
658	0
659	2
660	2
661	1
662	0
663	0
664	0
665	1
666	0
667	0
668	2
669	2
670	2
671	0
672	2
673	1
674	0
675	1
676	0
677	2
678	2
679	0
680	1
681	0
682	0
683	2
684	0
685	1
686	0
687	2
688	2
689	1
690	2
691	1
692	2
693	0
694	1
695	0
696	0
697	2
698	0
699	2
700	2
701	0
702	2
703	2
704	1
705	2
706	2
707	0
708	1
709	0
710	2
711	2
712	0
713	1
714	2
715	1
716	2
717	2
718	1
719	0
720	2
721	2
722	2
723	2
724	0
725	1
726	2
727	2
728	1
729	0
730	2
731	0
732	1
733	0
734	2
735	2
736	0
737	0
738	2
739	0
740	0
741	0
742	2
743	2
744	0
745	0
746	1
747	1
748	1
749	2
750	0
751	0
752	2
753	2
754	0
755	2
756	2
757	2
758	2
759	2
760	0
761	2
762	0
763	2
764	2
765	2
766	2
767	2
768	2
769	0
770	2
771	1
772	2
773	2
774	1
775	2
776	1
777	2
778	0
779	0
780	2
781	0
782	2
783	2
784	2
785	2
786	0
787	0
788	2
789	2
790	1
791	1
792	0
793	0
794	2
795	2
796	2
797	0
798	2
799	0
800	0
801	0
802	0
803	1
804	2
805	0
806	0
807	0
808	0
809	2
810	2
811	0
812	2
813	2
814	0
815	2
816	0
817	2
818	0
819	1
820	2
821	2
822	0
823	1
824	2
825	0
826	2
827	0
828	0
829	0
830	2
831	0
832	2
833	0
834	2
835	0
836	2
837	2
838	2
839	0
840	0
841	1
842	2
843	2
844	2
845	0
846	0
847	0
848	2
849	1
850	2
851	2
852	1
853	0
854	0
855	2
856	1
857	2
858	2
859	1
860	0
861	2
862	2
863	0
864	0
865	2
866	0
867	1
868	2
869	1
870	0
871	0
872	2
873	2
874	1
875	0
876	2
877	2
878	2
879	2
880	2
881	0
882	2
883	0
884	1
885	2
886	2
887	1
888	2
889	1
890	0
891	2
892	2
893	0
894	2
895	2
896	2
897	0
898	2
899	0
900	2
901	1
902	1
903	1
904	2
905	0
906	2
907	2
908	2
909	2
910	2
911	2
912	0
913	2
914	2
915	2
916	0
917	2
918	2
919	0
920	0
921	0
922	2
923	2
924	2
925	2
926	2
927	2
928	1
929	0
930	2
931	0
932	0
933	2
934	1
935	2
936	0
937	2
938	1
939	2
940	2
941	0
942	2
943	0
944	2
945	1
946	1
947	2
948	0
949	2
950	2
951	2
952	0
953	2
954	0
955	1
956	0
957	2
958	0
959	0
960	0
961	1
962	0
963	0
964	1
965	0
966	0
967	1
968	1
969	0
970	0
971	2
972	2
973	2
974	0
975	2
976	0
977	0
978	0
979	2
980	0
981	2
982	0
983	2
984	2
985	2
986	2
987	0
988	0
989	1
990	0
991	0
992	2
993	2
994	0
995	2
996	0
997	2
998	0
999	0
1000	2
1001	0
1002	1
1003	2
1004	2
1005	2
1006	0
1007	0
1008	1
1009	1
1010	2
1011	2
1012	0
1013	1
1014	0
1015	2
1016	2
1017	2
1018	2
1019	0
1020	0
1021	0
1022	1
1023	2
1024	0
1025	0
1026	0
1027	2
1028	0
1029	2
1030	2
1031	2
1032	1
1033	2
1034	1
1035	2
1036	2
1037	1
1038	1
1039	0
1040	2
1041	2
1042	0
1043	2
1044	0
1045	0
1046	2
1047	2
1048	0
1049	1
1050	0
1051	2
1052	0
1053	1
1054	0
1055	0
1056	0
1057	1
1058	2
1059	0
1060	0
1061	0
1062	2
1063	1
1064	0
1065	0
1066	2
1067	1
1068	1
1069	2
1070	0
1071	2
1072	1
1073	0
1074	0
1075	0
1076	0
1077	2
1078	0
1079	0
1080	2
1081	2
1082	2
1083	2
1084	0
1085	2
1086	0
1087	1
1088	1
1089	2
1090	0
1091	2
1092	2
1093	1
1094	2
1095	0
1096	2
1097	0
1098	2
1099	0
1100	0
1101	1
1102	0
1103	1
1104	1
1105	2
1106	2
1107	2
1108	2
1109	0
1110	1
1111	0
1112	1
1113	2
1114	0
1115	2
1116	2
1117	0
1118	0
1119	1
1120	2
1121	2
1122	1
1123	0
1124	2
1125	0
1126	2
1127	0
1128	1
1129	0
1130	1
1131	2
1132	2
1133	0
1134	2
1135	0
1136	1
1137	0
1138	2
1139	0
1140	0
1141	2
1142	1
1143	0
1144	0
1145	0
1146	0
1147	1
1148	0
1149	0
1150	2
1151	0
1152	2
1153	0
1154	2
1155	2
1156	1
1157	0
1158	0
1159	2
1160	1
1161	2
1162	0
1163	0
1164	0
1165	0
1166	2
1167	2
1168	2
1169	2
1170	2
1171	2
1172	1
1173	2
1174	2
1175	0
1176	2
1177	0
1178	0
1179	1
1180	1
1181	0
1182	2
1183	1
1184	1
1185	0
1186	0
1187	0
1188	2
1189	1
1190	2
1191	2
1192	0
1193	0
1194	2
1195	0
1196	2
1197	2
1198	0
1199	2
1200	1
1201	0
1202	2
1203	2
1204	1
1205	2
1206	2
1207	0
1208	2
1209	0
1210	0
1211	2
1212	2
1213	2
1214	0
1215	0
1216	0
1217	0
1218	0
1219	2
1220	0
1221	2
1222	1
1223	0
1224	0
1225	0
1226	1
1227	2
1228	2
1229	1
1230	2
1231	2
1232	2
1233	0
1234	0
1235	1
1236	1
1237	2
1238	1
1239	2
1240	0
1241	2
1242	2
1243	2
1244	0
1245	2
1246	1
1247	0
1248	0
1249	2
1250	2
1251	2
1252	0
1253	0
1254	0
1255	1
1256	0
1257	1
1258	2
1259	2
1260	0
1261	0
1262	0
1263	0
1264	2
1265	1
1266	2
1267	1
1268	2
1269	0
1270	0
1271	0
1272	2
1273	1
1274	1
1275	2
1276	1
1277	2
1278	0
1279	2
1280	2
1281	0
1282	2
1283	1
1284	2
1285	0
1286	1
1287	2
1288	0
1289	2
1290	2
1291	2
1292	0
1293	0
1294	0
1295	1
1296	0
1297	2
1298	2
1299	2
1300	2
1301	2
1302	0
1303	2
1304	0
1305	0
1306	0
1307	2
1308	2
1309	0
1310	0
1311	2
1312	1
1313	1
1314	2
1315	2
1316	1
1317	1
1318	1
1319	0
1320	2
1321	1
1322	2
1323	0
1324	2
1325	0
1326	0
1327	1
1328	0
1329	2
1330	2
1331	2
1332	0
1333	0
1334	0
1335	0
1336	0
1337	0
1338	0
1339	2
1340	0
1341	0
1342	2
1343	0
1344	0
1345	0
1346	2
1347	0
1348	2
1349	0
1350	2
1351	2
1352	2
1353	0
1354	0
1355	0
1356	2
1357	1
1358	0
1359	0
1360	2
1361	0
1362	0
1363	0
1364	2
1365	0
1366	2
1367	1
1368	0
1369	1
1370	0
1371	0
1372	2
1373	0
1374	0
1375	0
1376	0
1377	2
1378	2
1379	2
1380	2
1381	2
1382	2
1383	2
1384	0
1385	0
1386	2
1387	1
1388	0
1389	1
1390	0
1391	1
1392	2
1393	0
1394	2
1395	2
1396	0
1397	2
1398	1
1399	0
1400	0
1401	2
1402	2
1403	2
1404	2
1405	0
1406	2
1407	1
1408	0
1409	2
1410	2
1411	2
1412	2
1413	0
1414	2
1415	2
1416	0
1417	0
1418	2
1419	0
1420	2
1421	0
1422	2
1423	2
1424	0
1425	2
1426	0
1427	2
1428	0
1429	2
1430	0
1431	0
1432	0
1433	0
1434	2
1435	2
1436	0
1437	2
1438	0
1439	2
1440	2
1441	0
1442	0
1443	2
1444	0
1445	2
1446	0
1447	2
1448	2
1449	0
1450	0
1451	2
1452	2
1453	2
1454	1
1455	2
1456	2
1457	0
1458	2
1459	2
1460	0
1461	0
1462	2
1463	0
1464	0
1465	1
1466	2
1467	0
1468	0
1469	0
1470	0
1471	2
1472	1
1473	1
1474	0
1475	2
1476	2
1477	0
1478	1
1479	0
1480	2
1481	2
1482	2
1483	2
1484	2
1485	2
1486	2
1487	1
1488	2
1489	1
1490	0
1491	0
1492	2
1493	0
1494	2
1495	0
1496	1
1497	0
1498	2
1499	0
1500	2
1501	2
1502	2
1503	0
1504	0
1505	0
1506	2
1507	2
1508	0
1509	0
1510	2
1511	0
1512	1
1513	2
1514	2
1515	2
1516	0
1517	2
1518	0
1519	1
1520	0
1521	2
1522	1
1523	0
1524	1
1525	0
1526	2
1527	2
1528	0
1529	0
1530	2
1531	2
1532	0
1533	0
1534	2
1535	2
1536	0
1537	0
1538	2
1539	2
1540	0
1541	2
1542	0
1543	2
1544	2
1545	0
1546	0
1547	0
1548	2
1549	1
1550	2
1551	1
1552	1
1553	0
1554	0
1555	1
1556	1
1557	0
1558	1
1559	2
1560	0
1561	0
1562	2
1563	1
1564	2
1565	1
1566	0
1567	0
1568	2
1569	2
1570	0
1571	0
1572	0
1573	0
1574	0
1575	2
1576	2
1577	0
1578	2
1579	2
1580	2
1581	2
1582	0
1583	0
1584	0
1585	2
1586	1
1587	2
1588	0
1589	2
1590	0
1591	2
1592	2
1593	1
1594	1
1595	2
1596	2
1597	2
1598	0
1599	2
1600	1
1601	0
1602	2
1603	2
1604	0
1605	0
1606	0
1607	2
1608	2
1609	0
1610	0
1611	2
1612	0
1613	2
1614	1
1615	2
1616	2
1617	0
1618	0
1619	1
1620	0
1621	2
1622	0
1623	2
1624	2
1625	0
1626	0
1627	0
1628	2
1629	1
1630	1
1631	1
1632	1
1633	0
1634	2
1635	0
1636	0
1637	2
1638	2
1639	0
1640	2
1641	2
1642	0
1643	0
1644	0
1645	1
1646	2
1647	1
1648	2
1649	2
1650	2
1651	0
1652	0
1653	2
1654	1
1655	0
1656	2
1657	0
1658	1
1659	2
1660	2
1661	0
1662	2
1663	0
1664	1
1665	0
1666	2
1667	1
1668	2
1669	2
1670	0
1671	1
1672	1
1673	2
1674	2
1675	2
1676	2
1677	2
1678	0
1679	1
1680	0
1681	1
1682	0
1683	0
1684	0
1685	2
1686	1
1687	0
1688	0
1689	0
1690	0
1691	1
1692	0
1693	2
1694	0
1695	1
1696	2
1697	2
1698	0
1699	2
1700	0
1701	2
1702	2
1703	0
1704	0
1705	0
1706	2
1707	2
1708	2
1709	1
1710	2
1711	0
1712	0
1713	1
1714	2
1715	1
1716	0
1717	0
1718	2
1719	0
1720	0
1721	0
1722	2
1723	2
1724	2
1725	2
1726	0
1727	1
1728	2
1729	1
1730	0
1731	0
1732	2
1733	2
1734	0
1735	2
1736	0
1737	2
1738	0
1739	2
1740	1
1741	2
1742	0
1743	1
1744	0
1745	2
1746	2
1747	1
1748	0
1749	0
1750	2
1751	0
1752	2
1753	2
1754	1
1755	2
1756	2
1757	2
1758	2
1759	1
1760	2
1761	0
1762	2
1763	1
1764	1
1765	0
1766	0
1767	2
1768	0
1769	1
1770	2
1771	0
1772	2
1773	2
1774	2
1775	0
1776	1
1777	2
1778	2
1779	0
1780	1
1781	2
1782	2
1783	2
1784	2
1785	0
1786	0
1787	2
1788	0
1789	0
1790	0
1791	0
1792	2
1793	2
1794	1
1795	0
1796	0
1797	2
1798	0
1799	2
1800	1
1801	2
1802	2
1803	1
1804	2
1805	0
1806	1
1807	2
1808	2
1809	0
1810	2
1811	2
1812	1
1813	0
1814	1
1815	0
1816	1
1817	2
1818	1
1819	0
1820	2
1821	0
1822	2
1823	0
1824	2
1825	2
1826	2
1827	2
1828	2
1829	0
1830	2
1831	1
1832	2
1833	0
1834	0
1835	0
1836	1
1837	0
1838	0
1839	2
1840	1
1841	2
1842	0
1843	2
1844	2
1845	0
1846	0
1847	2
1848	2
1849	0
1850	0
1851	1
1852	2
1853	0
1854	2
1855	0
1856	1
1857	2
1858	2
1859	2
1860	2
1861	0
1862	0
1863	0
1864	2
1865	0
1866	0
1867	2
1868	0
1869	1
1870	2
1871	2
1872	2
1873	0
1874	0
1875	2
1876	0
1877	2
1878	0
1879	0
1880	2
1881	0
1882	2
1883	0
1884	2
1885	2
1886	2
1887	1
1888	0
1889	2
1890	0
1891	2
1892	1
1893	2
1894	2
1895	0
1896	2
1897	2
1898	1
1899	0
1900	1
1901	0
1902	2
1903	2
1904	0
1905	0
1906	2
1907	2
1908	2
1909	0
1910	1
1911	2
1912	0
1913	1
1914	0
1915	1
1916	1
1917	2
1918	2
1919	0
1920	1
1921	0
1922	0
1923	2
1924	0
1925	2
1926	1
1927	0
1928	0
1929	0
1930	1
1931	2
1932	0
1933	0
1934	0
1935	2
1936	2
1937	2
1938	0
1939	2
1940	2
1941	0
1942	0
1943	2
1944	0
1945	0
1946	0
1947	2
1948	0
1949	2
1950	2
1951	0
1952	2
1953	0
1954	1
1955	2
1956	0
1957	0
1958	2
1959	2
1960	2
1961	2
1962	2
1963	0
1964	2
1965	0
1966	2
1967	0
1968	0
1969	1
1970	2
1971	2
1972	0
1973	0
1974	0
1975	2
1976	2
1977	0
1978	2
1979	0
1980	1
1981	0
1982	2
1983	1
1984	2
1985	2
1986	0
1987	1
1988	2
1989	1
1990	1
1991	1
1992	0
1993	1
1994	2
1995	0
1996	0
1997	0
1998	0
1999	0
2000	2
2001	0
2002	0
2003	1
2004	0
2005	1
2006	0
2007	2
2008	1
2009	2
2010	2
2011	2
2012	0
2013	2
2014	2
2015	0
2016	2
2017	1
2018	0
2019	2
2020	2
2021	2
2022	0
2023	2
2024	2
2025	2
2026	2
2027	0
2028	2
2029	1
2030	2
2031	2
2032	2
2033	0
2034	2
2035	2
2036	0
2037	2
2038	2
2039	0
2040	0
2041	2
2042	1
2043	1
2044	1
2045	0
2046	0
2047	2
2048	1
2049	0
2050	1
2051	0
2052	0
2053	0
2054	1
2055	0
2056	0
2057	0
2058	2
2059	1
2060	2
2061	0
2062	0
2063	2
2064	0
2065	2
2066	1
2067	2
2068	1
2069	2
2070	2
2071	0
2072	0
2073	0
2074	0
2075	2
2076	0
2077	2
2078	2
2079	0
2080	0
2081	2
2082	2
2083	0
2084	2
2085	0
2086	0
2087	0
2088	2
2089	2
2090	1
2091	2
2092	1
2093	2
2094	0
2095	0
2096	0
2097	2
2098	2
2099	0
2100	1
2101	0
2102	2
2103	1
2104	1
2105	2
2106	2
2107	1
2108	0
2109	2
2110	0
2111	1
2112	2
2113	2
2114	2
2115	0
2116	0
2117	0
2118	2
2119	1
2120	0
2121	1
2122	1
2123	0
2124	2
2125	1
2126	2
2127	2
2128	0
2129	2
2130	2
2131	2
2132	0
2133	0
2134	0
2135	2
2136	2
2137	2
2138	0
2139	0
2140	2
2141	0
2142	1
2143	0
2144	2
2145	0
2146	2
2147	0
2148	0
2149	2
2150	0
2151	0
2152	1
2153	2
2154	2
2155	2
2156	2
2157	2
2158	1
2159	2
2160	0
2161	0
2162	2
2163	1
2164	0
2165	1
2166	0
2167	2
2168	2
2169	0
2170	0
2171	0
2172	2
2173	1
2174	2
2175	0
2176	2
2177	2
2178	1
2179	2
2180	0
2181	0
2182	0
2183	0
2184	1
2185	2
2186	1
2187	0
2188	2
2189	0
2190	2
2191	2
2192	0
2193	0
2194	0
2195	2
2196	0
2197	1
2198	0
2199	2
2200	2
2201	2
2202	0
2203	2
2204	1
2205	0
2206	1
2207	0
2208	2
2209	2
2210	2
2211	0
2212	1
2213	2
2214	1
2215	2
2216	1
2217	2
2218	0
2219	2
2220	0
2221	2
2222	2
2223	0
2224	2
2225	0
2226	2
2227	0
2228	2
2229	0
2230	2
2231	1
2232	0
2233	2
2234	0
2235	0
2236	2
2237	2
2238	0
2239	0
2240	0
2241	0
2242	2
2243	2
2244	0
2245	2
2246	2
2247	2
2248	2
2249	0
2250	2
2251	0
2252	0
2253	0
2254	0
2255	2
2256	1
2257	2
2258	2
2259	0
2260	2
2261	2
2262	0
2263	0
2264	1
2265	2
2266	2
2267	2
2268	2
2269	0
2270	0
2271	2
2272	2
2273	0
2274	2
2275	2
2276	2
2277	2
2278	2
2279	0
2280	0
2281	2
2282	2
2283	2
2284	0
2285	0
2286	2
2287	2
2288	1
2289	2
2290	0
2291	0
2292	2
2293	0
2294	0
2295	2
2296	2
2297	0
2298	1
2299	0
2300	0
2301	2
2302	0
2303	1
2304	2
2305	0
2306	0
2307	0
2308	2
2309	0
2310	2
2311	0
2312	2
2313	2
2314	0
2315	2
2316	2
2317	0
2318	2
2319	2
2320	2
2321	1
2322	0
2323	2
2324	2
2325	0
2326	0
2327	0
2328	0
2329	1
2330	0
2331	0
2332	2
2333	1
2334	1
2335	2
2336	0
2337	2
2338	2
2339	1
2340	2
2341	2
2342	2
2343	0
2344	2
2345	1
2346	1
2347	2
2348	1
2349	2
2350	2
2351	0
2352	0
2353	0
2354	1
2355	2
2356	1
2357	2
2358	0
2359	0
2360	1
2361	1
2362	2
2363	0
2364	2
2365	1
2366	2
2367	2
2368	0
2369	1
2370	2
2371	2
2372	1
2373	0
2374	0
2375	0
2376	0
2377	1
2378	1
2379	0
2380	1
2381	0
2382	1
2383	2
2384	2
2385	0
2386	2
2387	0
2388	0
2389	2
2390	2
2391	2
2392	2
2393	2
2394	2
2395	0
2396	1
2397	0
2398	2
2399	1
2400	2
2401	0
2402	2
2403	2
2404	1
2405	2
2406	1
2407	0
2408	1
2409	0
2410	0
2411	2
2412	1
2413	2
2414	2
2415	2
2416	1
2417	2
2418	2
2419	0
2420	0
2421	1
2422	1
2423	2
2424	2
2425	2
2426	2
2427	0
2428	0
2429	2
2430	0
2431	0
2432	0
2433	2
2434	2
2435	2
2436	2
2437	2
2438	1
2439	1
2440	0
2441	1
2442	1
2443	0
2444	1
2445	1
2446	0
2447	0
2448	2
2449	0
2450	2
2451	0
2452	2
2453	2
2454	2
2455	1
2456	2
2457	0
2458	2
2459	2
2460	2
2461	0
2462	0
2463	2
2464	0
2465	0
2466	0
2467	2
2468	0
2469	2
2470	0
2471	1
2472	2
2473	2
2474	0
2475	2
2476	0
2477	2
2478	2
2479	0
2480	1
2481	0
2482	2
2483	1
2484	0
2485	2
2486	2
2487	2
2488	2
2489	2
2490	2
2491	0
2492	1
2493	0
2494	0
2495	2
2496	0
2497	2
2498	0
2499	0
2500	2
2501	0
2502	0
2503	0
2504	2
2505	1
2506	0
2507	0
2508	0
2509	2
2510	0
2511	0
2512	1
2513	2
2514	0
2515	2
2516	2
2517	2
2518	0
2519	2
2520	2
2521	1
2522	2
2523	2
2524	2
2525	2
2526	1
2527	0
2528	2
2529	2
2530	1
2531	2
2532	2
2533	2
2534	2
2535	2
2536	0
2537	0
2538	2
2539	1
2540	0
2541	2
2542	2
2543	0
2544	0
2545	1
2546	0
2547	0
2548	2
2549	2
2550	0
2551	2
2552	0
2553	0
2554	2
2555	2
2556	2
2557	0
2558	2
2559	2
2560	2
2561	2
2562	2
2563	2
2564	0
2565	0
2566	0
2567	2
2568	1
2569	1
2570	0
2571	2
2572	2
2573	0
2574	2
2575	2
2576	2
2577	1
2578	2
2579	2
2580	1
2581	2
2582	0
2583	1
2584	0
2585	2
2586	0
2587	2
2588	0
2589	2
2590	2
2591	0
2592	2
2593	0
2594	2
2595	0
2596	2
2597	0
2598	0
2599	0
2600	1
2601	1
2602	2
2603	2
2604	2
2605	0
2606	2
2607	2
2608	0
2609	2
2610	0
2611	2
2612	0
2613	0
2614	2
2615	1
2616	0
2617	1
2618	2
2619	0
2620	2
2621	0
2622	2
2623	0
2624	2
2625	2
2626	2
2627	2
2628	2
2629	2
2630	2
2631	0
2632	0
2633	1
2634	2
2635	0
2636	1
2637	1
2638	0
2639	2
2640	0
2641	1
2642	2
2643	2
2644	1
2645	2
2646	2
2647	1
2648	0
2649	0
2650	2
2651	0
2652	2
2653	2
2654	0
2655	1
2656	1
2657	2
2658	0
2659	2
2660	2
2661	2
2662	1
2663	2
2664	0
2665	1
2666	0
2667	2
2668	0
2669	0
2670	1
2671	0
2672	0
2673	1
2674	0
2675	2
2676	2
2677	0
2678	2
2679	0
2680	0
2681	0
2682	2
2683	0
2684	2
2685	2
2686	0
2687	2
2688	0
2689	0
2690	0
2691	2
2692	0
2693	0
2694	2
2695	1
2696	2
2697	2
2698	2
2699	0
2700	0
2701	0
2702	0
2703	0
2704	2
2705	1
2706	0
2707	1
2708	2
2709	2
2710	2
2711	2
2712	0
2713	0
2714	1
2715	0
2716	0
2717	2
2718	2
2719	1
2720	1
2721	2
2722	0
2723	1
2724	2
2725	0
2726	0
2727	2
2728	1
2729	1
2730	1
2731	0
2732	2
2733	2
2734	1
2735	0
2736	0
2737	2
2738	0
2739	1
2740	2
2741	2
2742	2
2743	2
2744	2
2745	0
2746	0
2747	2
2748	1
2749	0
2750	0
2751	1
2752	1
2753	2
2754	2
2755	2
2756	1
2757	1
2758	2
2759	1
2760	0
2761	1
2762	2
2763	2
2764	2
2765	1
2766	2
2767	2
2768	2
2769	2
2770	0
2771	2
2772	0
2773	1
2774	1
2775	0
2776	2
2777	0
2778	2
2779	0
2780	2
2781	2
2782	0
2783	0
2784	0
2785	0
2786	2
2787	2
2788	1
2789	2
2790	0
2791	2
2792	1
2793	2
2794	1
2795	2
2796	2
2797	2
2798	2
2799	2
2800	2
2801	0
2802	1
2803	2
2804	2
2805	0
2806	1
2807	2
2808	2
2809	1
2810	0
2811	1
2812	2
2813	2
2814	2
2815	0
2816	2
2817	1
2818	0
2819	0
2820	2
2821	2
2822	0
2823	2
2824	0
2825	2
2826	1
2827	1
2828	2
2829	0
2830	2
2831	2
2832	0
2833	0
2834	2
2835	2
2836	1
2837	1
2838	0
2839	0
2840	2
2841	2
2842	2
2843	1
2844	0
2845	0
2846	1
2847	0
2848	2
2849	2
2850	0
2851	2
2852	2
2853	2
2854	2
2855	0
2856	0
2857	2
2858	2
2859	1
2860	1
2861	1
2862	1
2863	0
2864	2
2865	2
2866	0
2867	1
2868	2
2869	2
2870	2
2871	2
2872	2
2873	0
2874	1
2875	2
2876	0
2877	2
2878	0
2879	0
2880	2
2881	2
2882	2
2883	1
2884	2
2885	2
2886	1
2887	2
2888	0
2889	0
2890	2
2891	1
2892	2
2893	0
2894	0
2895	0
2896	2
2897	2
2898	0
2899	2
2900	2
2901	1
2902	0
2903	2
2904	2
2905	2
2906	0
2907	2
2908	2
2909	1
2910	2
2911	2
2912	0
2913	2
2914	2
2915	2
2916	1
2917	1
2918	2
2919	1
2920	2
2921	2
2922	2
2923	2
2924	2
2925	0
2926	1
2927	2
2928	2
2929	1
2930	0
2931	2
2932	1
2933	2
2934	0
2935	2
2936	0
2937	2
2938	2
2939	0
2940	2
2941	0
2942	0
2943	0
2944	0
2945	0
2946	2
2947	2
2948	1
2949	2
2950	1
2951	2
2952	2
2953	1
2954	0
2955	0
2956	0
2957	0
2958	1
2959	2
2960	2
2961	2
2962	1
2963	0
2964	0
2965	2
2966	0
2967	1
2968	1
2969	0
2970	0
2971	2
2972	0
2973	2
2974	0
2975	2
2976	0
2977	1
2978	2
2979	2
2980	1
2981	0
2982	2
2983	0
2984	2
2985	2
2986	1
2987	1
2988	2
2989	0
2990	1
2991	0
2992	2
2993	1
2994	0
2995	2
2996	2
2997	0
2998	0
2999	2
3000	1
3001	2
3002	2
3003	2
3004	2
3005	1
3006	2
3007	2
3008	1
3009	0
3010	2
3011	2
3012	2
3013	2
3014	1
3015	1
3016	2
3017	0
3018	2
3019	2
3020	2
3021	2
3022	2
3023	2
3024	0
3025	0
3026	2
3027	2
3028	2
3029	2
3030	0
3031	0
3032	2
3033	0
3034	2
3035	2
3036	2
3037	0
3038	2
3039	0
3040	2
3041	0
3042	0
3043	2
3044	1
3045	2
3046	2
3047	0
3048	0
3049	2
3050	2
3051	0
3052	2
3053	0
3054	2
3055	2
3056	0
3057	1
3058	2
3059	2
3060	2
3061	0
3062	1
3063	2
3064	1
3065	0
3066	0
3067	2
3068	1
3069	1
3070	2
3071	1
3072	2
3073	2
3074	1
3075	1
3076	2
3077	0
3078	1
3079	1
3080	2
3081	0
3082	1
3083	1
3084	2
3085	0
3086	0
3087	0
3088	2
3089	2
3090	1
3091	0
3092	0
3093	1
3094	0
3095	1
3096	2
3097	0
3098	2
3099	2
3100	2
3101	0
3102	1
3103	0
3104	2
3105	0
3106	0
3107	0
3108	2
3109	2
3110	2
3111	1
3112	0
3113	0
3114	0
3115	2
3116	2
3117	0
3118	2
3119	2
3120	0
3121	2
3122	2
3123	2
3124	1
3125	0
3126	1
3127	1
3128	2
3129	0
3130	1
3131	2
3132	2
3133	1
3134	2
3135	2
3136	2
3137	2
3138	2
3139	2
3140	0
3141	1
3142	0
3143	2
3144	1
3145	1
3146	0
3147	2
3148	2
3149	2
3150	0
3151	2
3152	2
3153	0
3154	0
3155	2
3156	0
3157	2
3158	2
3159	1
3160	2
3161	0
3162	0
3163	1
3164	0
3165	2
3166	1
3167	0
3168	0
3169	2
3170	2
3171	0
3172	0
3173	1
3174	0
3175	2
3176	0
3177	2
3178	2
3179	1
3180	0
3181	1
3182	0
3183	2
3184	2
3185	0
3186	2
3187	2
3188	0
3189	0
3190	1
3191	2
3192	1
3193	0
3194	1
3195	0
3196	1
3197	2
3198	2
3199	2
3200	1
3201	2
3202	2
3203	0
3204	1
3205	2
3206	0
3207	2
3208	2
3209	0
3210	1
3211	1
3212	0
3213	0
3214	0
3215	2
3216	1
3217	0
3218	0
3219	0
3220	2
3221	1
3222	1
3223	0
3224	1
3225	1
3226	0
3227	2
3228	0
3229	0
3230	0
3231	1
3232	0
3233	0
3234	0
3235	2
3236	0
3237	2
3238	2
3239	2
3240	2
3241	0
3242	2
3243	1
3244	0
3245	2
3246	1
3247	2
3248	2
3249	2
3250	0
3251	0
3252	2
3253	0
3254	2
3255	2
3256	2
3257	0
3258	2
3259	1
3260	2
3261	0
3262	0
3263	0
3264	1
3265	0
3266	0
3267	2
3268	2
3269	0
3270	0
3271	2
3272	1
3273	2
3274	0
3275	2
3276	0
3277	2
3278	0
3279	2
3280	0
3281	0
3282	0
3283	2
3284	2
3285	1
3286	2
3287	2
3288	1
3289	2
3290	2
3291	2
3292	1
3293	2
3294	0
3295	2
3296	0
3297	0
3298	1
3299	0
3300	0
3301	0
3302	0
3303	0
3304	2
3305	0
3306	2
3307	2
3308	2
3309	0
3310	2
3311	1
3312	2
3313	2
3314	0
3315	1
3316	2
3317	1
3318	2
3319	2
3320	2
3321	2
3322	2
3323	0
3324	2
3325	0
3326	2
3327	0
3328	0
3329	2
3330	2
3331	2
3332	0
3333	1
3334	2
3335	0
3336	1
3337	2
3338	0
3339	2
3340	1
3341	2
3342	0
3343	1
3344	0
3345	2
3346	0
3347	2
3348	2
3349	1
3350	0
3351	1
3352	0
3353	2
3354	1
3355	2
3356	1
3357	2
3358	2
3359	0
3360	0
3361	1
3362	0
3363	0
3364	1
3365	2
3366	2
3367	0
3368	1
3369	2
3370	2
3371	0
3372	1
3373	2
3374	1
3375	2
3376	1
3377	2
3378	2
3379	0
3380	1
3381	1
3382	0
3383	0
3384	2
3385	0
3386	0
3387	0
3388	2
3389	2
3390	0
3391	0
3392	0
3393	2
3394	1
3395	0
3396	0
3397	2
3398	2
3399	0
3400	0
3401	2
3402	1
3403	0
3404	1
3405	2
3406	2
3407	2
3408	0
3409	0
3410	1
3411	0
3412	2
3413	1
3414	2
3415	2
3416	2
3417	0
3418	0
3419	2
3420	0
3421	0
3422	2
3423	2
3424	0
3425	2
3426	0
3427	0
3428	0
3429	1
3430	2
3431	2
3432	0
3433	0
3434	2
3435	0
3436	1
3437	0
3438	2
3439	0
3440	2
3441	2
3442	2
3443	2
3444	1
3445	2
3446	2
3447	0
3448	2
3449	1
3450	2
3451	0
3452	0
3453	0
3454	2
3455	0
3456	0
3457	0
3458	0
3459	1
3460	0
3461	0
3462	1
3463	2
3464	0
3465	0
3466	0
3467	2
3468	2
3469	2
3470	0
3471	2
3472	0
3473	2
3474	1
3475	0
3476	1
3477	0
3478	2
3479	2
3480	0
3481	0
3482	0
3483	0
3484	0
3485	2
3486	1
3487	2
3488	2
3489	0
3490	1
3491	1
